# XMIPP_STAR_1 * 
# 
data_noname
loop_
 _x
 _count
    0.809721          0 
    0.810215          0 
    0.810709          0 
    0.811203          0 
    0.811697          0 
    0.812191          0 
    0.812685          0 
    0.813179          0 
    0.813673          0 
    0.814167          0 
    0.814661          0 
    0.815155          0 
    0.815649          0 
    0.816143          0 
    0.816637          0 
    0.817131          0 
    0.817625          0 
    0.818119          0 
    0.818613          0 
    0.819107          0 
    0.819601          0 
    0.820095          0 
    0.820589          0 
    0.821083          0 
    0.821577          0 
    0.822071          0 
    0.822565          0 
    0.823059          0 
    0.823553          0 
    0.824047          0 
    0.824541          0 
    0.825035          0 
    0.825529          0 
    0.826023          0 
    0.826517          0 
    0.827011          0 
    0.827505          0 
    0.827999          0 
    0.828493          0 
    0.828987          0 
    0.829481          0 
    0.829975          1 
    0.830469          0 
    0.830963          0 
    0.831457          0 
    0.831950          0 
    0.832444          0 
    0.832938          0 
    0.833432          0 
    0.833926          0 
    0.834420          1 
    0.834914          0 
    0.835408          0 
    0.835902          0 
    0.836396          0 
    0.836890          0 
    0.837384          0 
    0.837878          0 
    0.838372          0 
    0.838866          0 
    0.839360          0 
    0.839854          0 
    0.840348          0 
    0.840842          0 
    0.841336          0 
    0.841830          0 
    0.842324          0 
    0.842818          0 
    0.843312          0 
    0.843806          0 
    0.844300          0 
    0.844794          0 
    0.845288          0 
    0.845782          0 
    0.846276          1 
    0.846770          0 
    0.847264          1 
    0.847758          0 
    0.848252          0 
    0.848746          1 
    0.849240          0 
    0.849734          0 
    0.850228          0 
    0.850722          0 
    0.851216          1 
    0.851710          0 
    0.852204          0 
    0.852698          0 
    0.853192          0 
    0.853686          0 
    0.854180          0 
    0.854674          0 
    0.855168          1 
    0.855662          0 
    0.856156          0 
    0.856650          0 
    0.857144          0 
    0.857638          0 
    0.858132          0 
    0.858626          0 
    0.859120          0 
    0.859614          0 
    0.860108          1 
    0.860602          0 
    0.861096          0 
    0.861590          0 
    0.862084          1 
    0.862578          1 
    0.863072          0 
    0.863566          1 
    0.864060          1 
    0.864554          1 
    0.865048          1 
    0.865542          0 
    0.866036          2 
    0.866530          1 
    0.867024          0 
    0.867518          0 
    0.868012          1 
    0.868506          0 
    0.869000          0 
    0.869494          0 
    0.869988          0 
    0.870482          1 
    0.870976          0 
    0.871470          1 
    0.871964          0 
    0.872458          0 
    0.872952          1 
    0.873446          1 
    0.873940          0 
    0.874434          0 
    0.874928          0 
    0.875422          0 
    0.875916          1 
    0.876410          1 
    0.876904          0 
    0.877398          0 
    0.877892          0 
    0.878386          0 
    0.878880          0 
    0.879374          1 
    0.879868          1 
    0.880362          0 
    0.880856          0 
    0.881350          3 
    0.881844          2 
    0.882338          0 
    0.882832          0 
    0.883326          0 
    0.883820          1 
    0.884314          0 
    0.884808          0 
    0.885302          0 
    0.885796          0 
    0.886290          2 
    0.886784          0 
    0.887278          1 
    0.887772          1 
    0.888266          0 
    0.888760          0 
    0.889254          0 
    0.889748          0 
    0.890242          0 
    0.890736          0 
    0.891230          0 
    0.891724          1 
    0.892218          0 
    0.892712          0 
    0.893206          0 
    0.893700          1 
    0.894194          0 
    0.894688          0 
    0.895182          0 
    0.895676          0 
    0.896170          0 
    0.896664          0 
    0.897158          0 
    0.897652          0 
    0.898146          0 
    0.898640          0 
    0.899134          0 
    0.899628          1 
    0.900122          0 
    0.900616          0 
    0.901110          0 
    0.901604          0 
    0.902098          0 
    0.902592          0 
    0.903086          0 
    0.903580          0 
    0.904074          0 
    0.904568          0 
    0.905062          0 
    0.905556          0 
    0.906050          0 
    0.906544          0 
    0.907038          0 
    0.907532          0 
    0.908026          1 
