# XMIPP_STAR_1 * 
# 
data_noname
loop_
 _x
 _count
    0.809721          1 
    0.810215          0 
    0.810709          2 
    0.811203          0 
    0.811697          0 
    0.812191          0 
    0.812685          0 
    0.813179          0 
    0.813673          0 
    0.814167          0 
    0.814661          0 
    0.815155          1 
    0.815649          0 
    0.816143          1 
    0.816637          0 
    0.817131          0 
    0.817625          0 
    0.818119          0 
    0.818613          0 
    0.819107          1 
    0.819601          0 
    0.820095          0 
    0.820589          0 
    0.821083          2 
    0.821577          0 
    0.822071          0 
    0.822565          1 
    0.823059          0 
    0.823553          0 
    0.824047          0 
    0.824541          1 
    0.825035          0 
    0.825529          0 
    0.826023          1 
    0.826517          0 
    0.827011          0 
    0.827505          1 
    0.827999          0 
    0.828493          0 
    0.828987          0 
    0.829481          4 
    0.829975          1 
    0.830469          2 
    0.830963          0 
    0.831457          4 
    0.831950          1 
    0.832444          2 
    0.832938          0 
    0.833432          0 
    0.833926          3 
    0.834420          2 
    0.834914          0 
    0.835408          3 
    0.835902          0 
    0.836396          6 
    0.836890          5 
    0.837384          3 
    0.837878          2 
    0.838372          1 
    0.838866          1 
    0.839360          3 
    0.839854          0 
    0.840348          6 
    0.840842          2 
    0.841336          2 
    0.841830          4 
    0.842324          2 
    0.842818          1 
    0.843312          1 
    0.843806          4 
    0.844300          3 
    0.844794          4 
    0.845288          2 
    0.845782          5 
    0.846276          3 
    0.846770          0 
    0.847264          2 
    0.847758          5 
    0.848252          5 
    0.848746          4 
    0.849240          3 
    0.849734          5 
    0.850228          5 
    0.850722          2 
    0.851216          4 
    0.851710          3 
    0.852204          4 
    0.852698          2 
    0.853192          7 
    0.853686          2 
    0.854180          1 
    0.854674          2 
    0.855168          7 
    0.855662          6 
    0.856156          7 
    0.856650          6 
    0.857144          9 
    0.857638          5 
    0.858132          2 
    0.858626          6 
    0.859120          8 
    0.859614          8 
    0.860108          5 
    0.860602          6 
    0.861096          0 
    0.861590          2 
    0.862084          7 
    0.862578          2 
    0.863072          7 
    0.863566          6 
    0.864060         10 
    0.864554          5 
    0.865048          5 
    0.865542          8 
    0.866036          3 
    0.866530          8 
    0.867024          5 
    0.867518          2 
    0.868012          3 
    0.868506          5 
    0.869000          5 
    0.869494          5 
    0.869988          5 
    0.870482          5 
    0.870976          2 
    0.871470          3 
    0.871964          7 
    0.872458          3 
    0.872952         12 
    0.873446          4 
    0.873940          2 
    0.874434          5 
    0.874928          6 
    0.875422          6 
    0.875916          2 
    0.876410          4 
    0.876904          6 
    0.877398          5 
    0.877892          6 
    0.878386          3 
    0.878880          6 
    0.879374          1 
    0.879868          5 
    0.880362          2 
    0.880856          1 
    0.881350          1 
    0.881844          4 
    0.882338          2 
    0.882832          2 
    0.883326          4 
    0.883820          1 
    0.884314          1 
    0.884808          7 
    0.885302          3 
    0.885796          2 
    0.886290          0 
    0.886784          1 
    0.887278          1 
    0.887772          0 
    0.888266          0 
    0.888760          2 
    0.889254          0 
    0.889748          0 
    0.890242          1 
    0.890736          0 
    0.891230          2 
    0.891724          0 
    0.892218          2 
    0.892712          1 
    0.893206          1 
    0.893700          1 
    0.894194          1 
    0.894688          0 
    0.895182          1 
    0.895676          0 
    0.896170          2 
    0.896664          0 
    0.897158          0 
    0.897652          0 
    0.898146          0 
    0.898640          1 
    0.899134          0 
    0.899628          0 
    0.900122          0 
    0.900616          0 
    0.901110          0 
    0.901604          0 
    0.902098          0 
    0.902592          0 
    0.903086          0 
    0.903580          0 
    0.904074          0 
    0.904568          0 
    0.905062          0 
    0.905556          0 
    0.906050          0 
    0.906544          0 
    0.907038          0 
    0.907532          0 
    0.908026          0 
