Iteration 1
2 1 1 1 2 1 3 1 3 3 2 2 1 2 1 2 2 2 3 2 2 2 2 2 1 1 3 2 2 3 1 2 1 2 3 2 2 2 2 2 2 2 1 2 2 2 3 2 2 1 2 2 2 1 1 2 2 2 2 2 2 1 1Iteration 2
2 2 2 1 2 2 2 2 1 2 1 2 1 3 2 1 2 2 2 2 3 3 2 1 1 1 2 3 2 1 3 3 1 2 1 2 1 1 3 2 2 2 1 1 2 2 2 3 2 2 1 3 2 2 1 2 2 2 2 2 2 2 1Iteration 3
2 1 3 2 1 1 2 1 2 1 2 3 2 1 3 1 2 1 2 2 3 1 1 1 2 2 1 2 3 1 1 1 1 2 1 1 1 2 1 3 1 3 1 1 3 2 1 2 3 1 1 2 1 1 2 2 1 1 2 2 2 1 
Iteration 4
3 1 2 2 1 2 1 2 1 2 2 3 3 1 3 2 2 3 2 3 3 1 1 1 2 2 2 2 2 2 2 2 1 2 2 2 3 2 2 3 1 2 2 1 3 1 2 2 3 2 2 2 2 1 1 2 2 1 1 2 2 3 
Iteration 5
1 1 1 1 1 1 3 1 3 2 1 3 1 2 3 2 2 3 1 2 3 1 3 3 1 2 2 1 2 3 3 1 2 3 1 3 1 3 3 2 1 1 3 3 1 1 2 2 3 1 1 2 3 2 2 1 3 2 1 2 3 1 1Iteration 6
1 1 1 1 2 1 2 2 1 2 2 2 3 1 2 2 3 3 1 1 2 1 3 3 2 3 1 1 3 1 1 2 1 1 1 2 2 2 2 2 1 1 1 2 2 1 1 2 2 1 3 3 1 2 2 1 2 1 2 2 1 1 2Iteration 7
3 1 3 1 3 1 1 2 1 1 1 1 2 2 3 1 3 1 1 1 1 1 1 1 3 1 3 3 1 2 1 1 3 2 1 1 2 2 3 1 1 1 3 2 1 3 2 2 1 1 1 3 1 3 2 3 1 2 1 1 1 1 
Iteration 8
3 2 3 3 1 3 3 3 3 1 1 2 1 2 1 1 3 1 1 1 3 3 3 1 3 3 3 3 2 3 1 1 1 1 3 1 1 1 1 3 1 1 1 1 3 3 1 1 1 1 2 2 2 3 2 3 2 1 1 1 1 2 3Iteration 9
1 3 1 1 1 1 1 1 1 1 1 1 1 2 1 2 1 1 1 1 1 3 1 1 1 3 3 1 1 1 1 2 1 1 1 3 1 1 3 1 1 1 1 1 1 1 1 1 2 1 1 1 1 1 1 1 1 1 1 1 1 2 
Iteration 10
1 2 3 3 2 2 1 1 3 2 3 2 2 1 2 1 3 2 2 2 3 2 3 3 2 2 1 2 2 1 1 1 1 2 2 2 2 3 3 1 3 2 2 1 1 3 2 1 3 1 2 2 3 1 1 1 2 3 2 1 2 2 2 1 2 1 2 2 1 1 1 1 
